function y = pol(x)
  
%Coefficients:
  p1 = -122.8;
  p2 = 108.1;
  p3 = -10.256;
  p4 = -13.068;
  p5 = 5.5507;


 y = p1*x^4 + p2*x^3 + p3*x^2 + p4*x + p5; 

